        Label (%Miss) :  Inferred clusters
  1 13.H1022   (10)   :  0.937 0.001 0.062 
  2   1.H337    (4)   :  0.002 0.199 0.800 
  3 26.H2062    (4)   :  0.148 0.300 0.553 
  4  30.H872    (4)   :  0.941 0.001 0.057 
  5  32.I131   (10)   :  0.533 0.086 0.381 
  6  35.H909   (12)   :  0.229 0.224 0.547 
  7 43.H1018    (4)   :  0.998 0.001 0.001 
  8 44.H1096   (10)   :  0.004 0.985 0.010 
  9  46.H379   (12)   :  0.178 0.001 0.821 
 10  49.H873    (4)   :  0.997 0.001 0.002 
 11 54.H1021    (5)   :  0.906 0.001 0.093 
 12  62.H649    (4)   :  0.310 0.687 0.002 
 13  69.H924    (5)   :  0.998 0.001 0.001 
 14  70.H864    (4)   :  0.583 0.402 0.015 
 15  73.H868   (10)   :  0.446 0.003 0.551 
 16  75.H359    (9)   :  0.211 0.001 0.788 
 17  82.H871    (4)   :  0.996 0.001 0.003 
 18 87.785401    (4)   :  0.477 0.212 0.311 
 19  91.H809    (4)   :  0.996 0.001 0.003 
 20  95.I185   (10)   :  0.464 0.246 0.290 
 21   9.PG40   (10)   :  0.570 0.216 0.214 
